N = 6
mean = 2.33333
stdev = 1.63299
